1 0 0 0
2 20 0 0
3 0 20 0
4 0 0 20
5 13.3333 13.3333 13.3333
6 20 20 20
7 -11.1111 22.2222 22.2222
8 12.2222 5.55556 5.55556
9 17.037 -7.40741 25.9259
10 28.3951 7.65432 9.87654
11 42.5926 11.4815 4.81481
12 36.4198 6.04938 23.8272
13 48.5185 6.2963 32.963
14 52.5926 28.1481 8.14815
15 70.3704 45.9259 -0.740741
16 94.321 29.1358 11.358
17 99.5473 42.7572 24.2387
18 128.025 58.3951 33.9506
19 146.626 82.6749 -3.25103
20 195.679 120.864 -21.358
21 168.395 120.988 -3.45679
22 205.432 166.914 -10.8642
23 282.387 184.856 1.893
24 327.641 256.694 -54.1701
25 177.929 107.97 11.9204
26 103.64 78.9758 -15.4275
27 237.7 158.386 -2.43713
28 247.945 189.473 -35.0267
29 195.433 128.346 0.183661
30 159.996 119.03 -18.9219
31 218.274 148.547 -6.55832
32 217.08 175.006 9.86545
33 227.781 202.078 25.4772
34 231.758 198.632 -5.22171
35 204.514 145.917 -1.16768
36 199.744 176.678 5.11404
37 190.479 190.744 10.9502
38 210.323 199.815 3.91121
39 205.966 159.392 0.102041
40 209.762 173.804 20.9186
41 211.757 190.934 23.83
42 207.414 167.277 6.03403
43 194.199 170.166 11.5123
44 182.759 167.746 12.3357
45 191.143 168.944 -5.81164
46 205.107 172.589 14.236
47 191.952 179.011 14.5409
48 185.49 177.982 6.54213
49 175.682 180.678 2.69519
50 181.351 174.762 16.6162
51 185.949 175.241 13.7406
52 185.14 169.914 6.65583
53 186.843 172.189 8.62709
54 191.739 171.65 4.04705
55 187.397 174.343 11.3172
56 178.954 179.509 6.14534
57 190.388 172.502 10.1706
58 190.928 168.041 13.5345
59 186.85 175.496 8.29021
60 189.58 176.039 11.2249
61 185.496 178.084 10.3843
62 188.132 176.814 13.6608
63 187.17 175.826 9.63285
64 190.602 172.722 11.0657
65 186.772 176.743 10.5547
66 184.646 175.236 9.77826
67 182.18 174.834 9.05494
68 184.996 177.527 8.65996
69 186.796 175.139 10.6529
70 185.636 174.057 9.48802
71 185.92 174.729 9.75468
72 185.028 175.388 8.79095
73 186.354 175.201 10.1874
74 184.11 174.284 10.1807
75 186.405 175.441 9.76982
76 187.807 175.011 10.0297
77 185.436 175.18 9.84112
78 186.21 175.819 10.1109
79 186.138 175.546 10.0218
80 185.547 175.178 10.2638
81 185.06 175.401 9.89706
82 186.031 175.251 10.1148
83 186.19 175.474 9.72143
84 185.708 175.252 10.1282
85 186.481 175.52 10.3355
86 185.698 175.265 9.9647
87 185.486 174.965 10.1166
88 185.975 175.401 10.0455
89 185.556 175.36 9.97745
90 185.778 175.432 9.86361
91 185.725 175.297 10.062
92 185.344 175.213 9.95725
93 185.817 175.354 10.0235
94 185.937 175.25 10.056
95 185.842 175.278 10.0364
96 185.846 175.301 9.95433
97 185.773 175.208 9.9468
98 185.806 175.318 10.0043
99 185.718 175.272 10.0493
100 185.814 175.294 9.97806
101 185.944 175.328 10.0478
102 185.759 175.28 9.98547
103 185.744 175.317 9.94218
104 185.818 175.287 10.0128
105 185.788 175.257 9.97994
106 185.762 175.256 10.0074
107 185.736 175.237 10.0221
108 185.722 175.241 9.96907
109 185.794 175.276 10.0019
110 185.756 175.285 10.0166
111 185.78 175.264 9.9891
112 185.798 175.25 10.0135
113 185.788 175.258 10.0065
114 185.783 175.263 10.0214
115 185.781 175.264 9.99719
116 185.813 175.275 9.99627
117 185.775 175.261 10.0046
118 185.769 175.245 10.0036
119 185.787 175.268 10.0023
120 185.774 175.271 9.99629
121 185.785 175.261 10.0039
122 185.793 175.268 9.99765
123 185.789 175.266 9.9994
124 185.793 175.267 10.0066
125 185.784 175.264 9.99954
126 185.784 175.259 9.99958
127 185.786 175.265 9.99508
128 185.785 175.262 10.0017
129 185.788 175.269 10.0009
130 185.785 175.262 9.9999
131 185.78 175.259 10.0014
132 185.787 175.264 9.99989
133 185.787 175.261 10.0015
134 185.786 175.262 10.001
135 185.784 175.259 10.0018
136 185.786 175.263 10.0004
137 185.787 175.262 9.99913
138 185.786 175.262 9.99978
139 185.785 175.263 9.99905
140 185.786 175.262 10.0005
141 185.785 175.262 10.0007
142 185.785 175.261 10.0004
